20.000000
18.000000
16.000000
14.000000
12.000000
10.000000
9.000000
8.000000
7.000000
6.867188
6.687500
6.515625
6.355469
6.203125
6.054688
5.914062
5.781250
5.652344
5.531250
5.414062
5.300781
5.191406
5.089844
4.992188
4.898438
4.804688
4.714844
4.628906
4.546875
4.468750
4.390625
4.316406
4.246094
4.175781
4.109375
4.042969
3.980469
3.917969
3.859375
3.800781
3.746094
3.691406
3.640625
3.589844
3.539062
3.492188
3.445312
3.398438
3.355469
3.312500
3.269531
3.226562
3.187500
3.148438
3.109375
3.070312
3.035156
3.000000
2.964844
2.929688
2.898438
2.867188
2.835938
2.804688
2.773438
2.742188
2.714844
2.687500
2.660156
2.632812
2.605469
2.578125
2.550781
2.527344
2.503906
2.480469
2.457031
2.433594
2.410156
2.386719
2.363281
2.339844
2.320312
2.300781
2.281250
2.261719
2.242188
2.222656
2.203125
2.183594
2.164062
2.144531
2.125000
2.109375
2.093750
2.078125
2.062500
2.046875
2.031250
2.015625
2.000000
1.984375
1.968750
1.953125
1.937500
1.921875
1.906250
1.890625
1.875000
1.863281
1.851562
1.839844
1.828125
1.816406
1.804688
1.792969
1.781250
1.769531
1.757812
1.746094
1.734375
1.722656
1.710938
1.699219
1.687500
1.675781
1.664062
1.652344
1.640625
1.628906
1.617188
1.605469
1.593750
1.582031
1.574219
1.566406
1.558594
1.550781
1.542969
1.535156
1.527344
1.519531
1.511719
1.503906
1.496094
1.488281
1.480469
1.472656
1.464844
1.457031
1.449219
1.441406
1.433594
1.425781
1.417969
1.410156
1.402344
1.394531
1.386719
1.378906
1.371094
1.363281
1.355469
1.347656
1.339844
1.332031
1.324219
1.316406
1.308594
1.300781
1.292969
1.285156
1.277344
1.269531
1.261719
1.253906
1.246094
1.238281
1.230469
1.222656
1.218750
1.214844
1.210938
1.207031
1.203125
1.199219
1.195312
1.191406
1.187500
1.183594
1.179688
1.175781
1.171875
1.167969
1.164062
1.160156
1.156250
1.152344
1.148438
1.144531
1.140625
1.136719
1.132812
1.128906
1.125000
1.121094
1.117188
1.113281
1.109375
1.105469
1.101562
1.097656
1.093750
1.089844
1.085938
1.082031
1.078125
1.074219
1.070312
1.066406
1.062500
1.058594
1.054688
1.050781
1.046875
1.042969
1.039062
1.035156
1.031250
1.027344
1.023438
1.019531
1.015625
1.011719
1.007812
1.003906
1.000000
0.996094
0.992188
0.988281
0.984375
0.980469
0.976562
0.972656
0.968750
0.964844
0.960938
0.957031
0.953125
0.949219
0.945312
0.941406
0.937500
0.933594
0.929688
0.925781
0.921875
0.917969
0.914062
0.910156
0.906250
0.902344
0.898438
0.894531
0.890625
0.886719
0.882812
0.878906
0.875000
0.871094
0.867188
0.863281
0.859375
0.855469
0.851562
0.847656
0.843750
0.839844
0.835938
0.832031
0.828125
0.824219
0.820312
0.816406
0.812500
0.808594
0.804688
0.800781
0.796875
0.792969
0.789062
0.785156
0.781250
0.777344
0.773438
0.769531
0.765625
0.761719
0.757812
0.753906
0.750000
0.746094
0.742188
0.738281
0.734375
0.730469
0.726562
0.722656
0.718750
0.714844
0.710938
0.707031
0.703125
0.699219
0.695312
0.691406
0.687500
0.683594
0.679688
0.675781
0.671875
0.667969
0.664062
0.660156
0.656250
0.652344
0.648438
0.644531
0.640625
0.636719
0.632812
0.628906
0.625000
0.621094
0.617188
0.613281
0.609375
0.605469
0.601562
0.597656
0.593750
0.589844
0.585938
0.582031
0.578125
0.574219
0.570312
0.566406
0.562500
0.558594
0.554688
0.550781
0.546875
0.542969
0.539062
0.535156
0.531250
0.527344
0.523438
0.519531
0.515625
0.511719
0.507812
0.503906
0.500000
0.496094
0.492188
0.488281
0.484375
0.480469
0.476562
0.472656
0.468750
0.464844
0.460938
0.457031
0.453125
0.449219
0.445312
0.441406
0.437500
0.433594
0.429688
0.425781
0.421875
0.417969
0.414062
0.410156
0.406250
0.402344
0.398438
0.394531
0.390625
0.386719
0.382812
0.378906
0.375000
0.371094
0.367188
0.363281
0.359375
0.355469
0.351562
0.347656
0.343750
0.339844
0.335938
0.332031
0.328125
0.324219
0.320312
0.316406
0.312500
0.308594
0.304688
0.300781
0.296875
0.292969
0.289062
0.285156
0.281250
0.277344
0.273438
0.269531
0.265625
0.261719
0.257812
0.253906
0.250000
0.246094
0.242188
0.238281
0.234375
0.230469
0.226562
0.222656
0.218750
0.214844
0.210938
0.207031
0.203125
0.199219
0.195312
0.191406
0.187500
0.183594
0.179688
0.175781
0.171875
0.167969
0.164062
0.160156
0.156250
0.152344
0.148438
0.144531
0.140625
0.136719
0.132812
0.128906
0.125000
0.121094
0.117188
0.113281
0.109375
0.105469
0.101562
0.097656
0.093750
0.089844
0.085938
0.082031
0.078125
0.074219
0.070312
0.066406
0.062500
0.058594
0.054688
0.050781
0.046875
0.042969
0.039062
0.035156
0.031250
0.027344
0.023438
0.019531
0.015625
0.011719
0.007812
